0.059605557
0.052814589
0.038607799
0.504102904
0.354492707
0.339057213
1.120033531
0.733494398
0.791736558
1.857556560
1.301295618
1.455440257
6.323467196
4.003601985
3.638013312
0.061163153
0.027622295
0.034701124
0.513985157
0.300955106
0.310074250
1.004334105
0.837369378
0.645183269
1.824163573
1.605984696
1.217835516
6.209618330
4.267310859
4.798503735
0.083590081
0.049546338
0.039887814
0.517118695
0.370136823
0.568695797
0.977001413
0.868492231
0.783675981
2.009319436
1.375470203
1.172535410
5.614169334
3.890165125
3.673074606
0.070422934
0.037191794
0.044116182
0.482964970
0.287988265
0.348921248
1.063097513
0.720294094
0.705306328
1.790235194
1.445129883
1.568851480
5.096631762
3.811813458
3.768011257
0.059785772
0.035274310
0.037048053
0.506691046
0.303784528
0.285959326
0.974945560
0.897689487
0.791462493
1.648935712
1.148737766
1.541722756
5.582210449
3.759299776
3.811646412
