0.007078358
0.017191568
0.005916055
0.052165357
0.078208677
0.034552925
0.109573879
0.071227960
0.054186464
0.193113588
0.195466509
0.167121573
0.456851278
0.312494534
0.299277251
0.009903632
0.006079926
0.006924621
0.050307665
0.036118345
0.048514439
0.109204484
0.048934868
0.071108382
0.173554764
0.145258844
0.103474617
0.500991769
0.329615000
0.290285908
0.022211596
0.015173192
0.007926464
0.052406626
0.095150622
0.040897374
0.112673463
0.088693085
0.072082627
0.186418806
0.121595974
0.117489502
0.462508050
0.302160136
0.280889427
0.006863654
0.005819564
0.004860425
0.049900014
0.029420474
0.036189828
0.121180501
0.068147179
0.055256118
0.196844507
0.113710122
0.120528753
0.451136841
0.276534194
0.229840459
0.006252500
0.003652574
0.005317789
0.053015969
0.025315503
0.030358864
0.092272035
0.058072991
0.062757552
0.172617653
0.105000993
0.125420509
0.422981605
0.300319059
0.313788975
