0.066945580
0.061852057
0.077166394
0.532145586
0.554908508
0.500795519
1.135043162
1.230994562
1.100180843
1.744632643
1.849196256
1.710750106
6.148194690
5.998032967
5.944133988
0.061289575
0.055532290
0.057130265
0.497769460
0.536953812
0.536477550
1.074315760
1.066061040
1.059155881
1.901657316
1.761784042
1.897766183
5.688046080
5.820416892
6.093799148
0.055000514
0.056651679
0.061765610
0.476319793
0.485307342
0.485555469
0.993036602
1.066900922
1.365424972
1.775623597
1.815864746
1.845723523
5.704060372
5.755682068
5.494492574
0.079200411
0.059445830
0.059703354
0.479434697
0.480472887
0.500702190
0.965400148
0.994399490
1.009634305
1.739534831
1.751072260
1.739720474
5.558796835
5.644719319
5.609513039
0.053593314
0.062291703
0.063536093
0.485572818
0.480303194
0.555646738
1.026637714
0.945559285
1.049271666
2.003372542
1.711878829
1.907634439
5.957149628
5.631597007
5.764984524
