0.007911807
0.006862291
0.008010016
0.056886547
0.051196785
0.053940409
0.110029479
0.145736854
0.101353331
0.166569002
0.170951867
0.167159916
0.424908734
0.454087894
0.404314344
0.006327867
0.008010766
0.007280393
0.052917456
0.080178247
0.055695300
0.197902730
0.099884997
0.118610042
0.177957164
0.176762709
0.208174055
0.419463966
0.420611003
0.428922429
0.006906996
0.007255364
0.007183638
0.050595667
0.057781612
0.051965824
0.094027734
0.137604348
0.104733471
0.182020937
0.263537259
0.169877459
0.420930466
0.420556490
0.426851643
0.007998321
0.007443355
0.007723579
0.052956132
0.051777618
0.051920972
0.112508885
0.098801835
0.100480910
0.185356277
0.173135504
0.174879209
0.437687975
0.419267531
0.419718282
0.006602786
0.008807823
0.007358417
0.050614965
0.059497665
0.052749090
0.096923840
0.100015613
0.104416434
0.167659151
0.165632821
0.264481950
0.420851528
0.434494583
0.437409166
